500
6 887 693 694 692 691 884
6 204 195 191 200 201 203
6 775 447 140 441 442 774
6 944 805 494 140 447 943
6 152 131 132 17 16 150
6 221 219 218 216 217 220
6 522 170 20 169 168 521
6 863 98 394 396 95 862
7 707 324 323 704 703 64 706
6 556 552 551 553 554 555
6 748 741 303 302 387 747
6 518 169 20 26 29 517
6 772 418 419 117 422 771
6 705 326 698 697 64 703
6 883 874 876 875 877 882
6 458 448 449 123 122 455
6 889 884 887 886 885 888
6 843 615 617 611 612 840
6 739 239 243 244 240 738
6 318 76 75 74 73 317
6 836 518 517 519 520 835
6 951 484 482 142 141 950
6 920 908 909 468 467 918
5 898 322 323 704 896
6 907 730 729 728 901 905
6 183 174 153 19 30 181
6 345 34 38 37 11 344
6 269 264 266 267 265 268
6 627 247 248 479 480 625
6 929 470 790 923 921 924
6 332 328 327 330 329 331
6 156 23 31 30 19 154
6 629 50 49 246 247 627
6 826 577 602 603 578 825
6 516 367 368 369 370 515
5 946 777 778 779 942
6 793 469 14 13 12 792
6 754 476 473 474 475 753
6 685 300 675 672 297 683
6 293 276 280 279 62 292
6 572 332 331 66 333 568
6 586 581 53 51 234 585
6 413 399 398 101 102 412
6 571 68 560 559 206 570
6 646 638 545 633 630 645
5 619 238 609 607 618
6 758 170 522 526 472 757
6 603 598 600 599 601 602
6 629 50 48 596 597 628
7 503 162 161 163 164 160 502
6 662 660 657 658 659 661
6 537 172 532 533 129 536
6 526 522 521 523 524 525
6 430 128 37 38 36 428
6 763 224 225 40 39 761
6 687 302 387 386 77 686
6 544 166 189 190 182 542
6 548 541 542 544 543 547
6 675 672 673 670 671 674
5 286 284 282 283 285
6 954 830 831 832 833 952
6 935 796 797 798 799 933
6 829 635 640 644 642 827
5 845 623 622 615 843
6 857 180 179 164 160 856
6 550 192 193 321 320 549
6 569 334 551 552 205 567
5 397 84 389 390 395
6 540 471 475 474 129 536
6 769 427 436 435 417 768
6 895 892 891 890 893 894
6 534 151 473 474 129 533
6 493 479 480 477 478 491
6 459 125 124 450 448 458
6 760 402 25 28 27 759
6 629 627 625 624 626 628
6 907 730 113 11 344 906
6 665 653 660 657 272 664
5 97 78 89 91 94
6 698 326 374 373 72 696
6 826 824 821 823 822 825
6 928 127 128 430 432 925
6 892 702 701 700 699 891
6 919 788 419 117 467 918
6 179 164 163 176 177 178
6 446 441 442 443 444 445
6 55 52 0 5 7 54
6 399 395 397 396 394 398
6 534 151 152 150 498 531
6 862 95 94 97 96 859
6 816 737 739 738 740 815
6 995 269 268 647 649 990
6 751 405 400 93 403 749
6 850 619 238 524 523 848
6 941 795 436 427 426 940
6 718 340 558 557 196 717
6 687 685 683 682 684 686
6 968 873 742 864 869 967
6 544 166 519 520 167 543
6 632 254 253 250 249 631
6 866 674 675 300 301 865
6 435 417 416 121 120 434
6 190 182 184 183 181 188
6 757 472 539 540 471 756
6 948 806 809 810 139 947
6 751 405 407 406 404 750
6 393 391 390 389 388 392
6 983 719 718 717 900 979
6 361 355 356 357 358 360
6 984 720 721 723 722 980
6 514 357 358 165 507 513
6 881 294 295 368 369 880
6 600 588 591 590 589 599
6 156 23 24 109 111 155
7 622 615 617 616 614 613 621
6 795 436 435 434 433 794
7 988 620 847 846 839 838 987
6 713 314 2 3 65 711
6 899 316 689 690 315 897
6 906 344 345 346 725 903
7 330 290 291 286 285 1 329
6 516 511 512 513 514 515
6 914 911 910 909 908 913
5 83 81 80 79 82
6 625 480 477 612 611 624
6 406 100 99 133 134 404
6 842 481 482 484 483 841
6 977 376 375 363 362 975
6 941 795 794 931 932 936
6 512 508 63 350 349 511
6 137 106 103 105 104 136
6 733 692 694 378 379 732
6 411 401 400 405 407 410
6 960 209 35 10 112 959
6 995 990 991 992 993 994
6 246 49 47 211 210 245
6 354 304 308 311 63 350
6 784 16 150 498 500 782
6 836 518 169 168 610 834
6 255 71 76 75 6 252
6 958 764 763 761 762 955
6 762 414 42 43 39 761
6 490 142 141 144 143 489
6 382 380 231 228 44 381
6 774 442 443 423 422 771
6 661 266 267 124 125 659
6 716 712 711 713 714 715
6 186 32 22 25 28 185
6 779 776 773 121 120 778
5 715 315 690 688 714
6 976 70 4 316 899 973
6 603 578 595 594 580 598
6 845 843 840 842 841 844
6 673 279 62 299 297 672
6 748 746 745 743 744 747
6 888 697 64 706 708 885
6 403 93 21 22 25 402
6 871 867 61 289 669 870
6 982 901 728 347 348 981
6 935 933 932 931 930 934
6 871 867 866 865 864 869
6 221 40 39 43 41 220
6 986 961 828 827 829 985
6 696 72 71 76 318 695
6 938 801 803 802 800 937
6 960 958 955 956 957 959
6 190 188 186 185 187 189
6 291 286 284 60 61 289
6 730 113 114 115 116 729
6 202 198 192 193 191 200
6 982 901 905 904 900 979
5 506 503 502 504 505
6 401 109 24 21 93 400
6 531 498 500 501 499 530
6 227 219 218 214 215 226
6 398 101 103 105 98 394
5 616 236 237 605 614
6 956 817 415 414 762 955
6 576 243 239 45 232 575
6 372 259 258 251 256 371
6 787 464 465 466 463 785
6 754 750 751 749 752 753
6 883 879 878 880 881 882
6 505 359 364 260 257 504
6 516 367 86 352 349 511
6 683 297 299 298 296 682
6 926 766 767 431 432 925
6 759 27 26 20 170 758
7 727 563 561 197 112 10 726
6 534 531 530 529 532 533
6 764 207 33 222 224 763
6 842 481 478 477 612 840
6 966 650 274 275 273 965
6 861 666 663 664 665 858
6 572 332 328 69 68 571
7 948 944 943 942 946 945 947
6 993 872 873 968 969 992
6 803 210 245 798 799 801
6 375 363 364 260 259 372
6 770 425 424 426 427 769
6 971 723 721 667 868 970
6 342 67 288 287 339 341
6 773 121 416 420 418 772
6 188 181 30 31 32 186
7 946 777 18 487 486 138 945
6 778 120 434 433 18 777
6 917 914 913 912 915 916
6 678 298 296 9 8 677
6 651 648 469 14 274 650
6 413 399 395 390 391 409
6 856 160 502 504 257 853
6 553 325 335 336 334 551
6 662 655 270 264 266 661
6 609 238 524 525 173 608
6 729 116 12 13 347 728
6 263 231 228 229 230 262
6 989 964 963 962 961 986
5 849 610 834 839 846
6 686 77 78 89 90 684
6 854 258 259 260 257 853
6 970 868 870 871 869 967
6 760 755 756 757 758 759
5 710 707 706 708 709
6 860 652 384 385 96 859
6 907 905 904 902 903 906
6 256 251 254 253 252 255
6 882 877 276 293 294 881
6 556 194 195 204 205 552
6 760 402 403 749 752 755
6 891 699 886 887 693 890
5 75 6 7 5 74
6 876 314 2 59 277 875
6 929 924 927 926 925 928
6 679 85 83 81 8 677
6 824 575 576 574 573 821
6 646 638 637 639 640 644
7 987 838 837 634 635 829 985
5 948 806 804 805 944
6 978 705 326 374 376 977
6 460 452 451 453 454 457
6 950 141 144 139 810 949
6 826 577 233 232 575 824
6 972 965 273 722 723 971
6 457 454 126 440 439 456
6 736 261 589 590 58 735
6 354 304 307 306 305 353
6 820 199 198 192 550 819
5 134 130 131 132 133
6 867 61 60 671 674 866
6 978 974 973 976 975 977
6 922 791 912 913 908 920
6 808 527 171 147 146 807
6 719 341 342 343 340 718
5 227 219 221 40 225
6 734 73 317 691 692 733
6 844 618 607 606 483 841
6 542 182 184 177 178 541
6 666 104 136 466 465 663
6 680 86 352 351 85 679
6 736 731 732 733 734 735
6 854 258 251 254 632 852
6 106 99 100 102 101 103
6 444 122 123 119 423 443
6 468 119 423 422 117 467
6 493 491 490 489 488 492
6 744 384 652 654 656 743
5 432 430 428 429 431
6 994 271 745 746 872 993
6 857 180 546 545 633 855
6 242 41 220 217 46 241
6 863 98 105 104 666 861
6 816 737 381 382 383 813
6 783 461 462 501 500 782
6 828 581 53 641 642 827
6 893 377 378 694 693 890
6 739 239 45 44 381 737
6 823 47 211 213 573 821
6 984 980 981 982 979 983
6 957 820 819 818 817 956
6 348 275 274 14 13 347
6 566 564 563 561 562 565
6 235 52 55 56 51 234
6 754 476 130 134 404 750
6 883 874 688 690 689 879
5 736 261 262 263 731
6 366 4 70 355 356 365
6 721 667 668 287 339 720
6 911 781 450 448 449 910
5 917 780 781 911 914
6 959 112 197 199 820 957
5 565 201 200 202 562
6 962 587 586 581 828 961
6 855 633 630 631 632 852
6 364 359 360 361 362 363
6 927 789 788 919 921 924
6 671 60 284 282 278 670
6 510 162 503 506 165 507
7 137 106 99 133 132 17 135
6 929 470 115 114 127 928
7 669 289 291 290 288 287 668
6 681 295 368 367 86 680
6 857 855 852 854 853 856
6 639 636 167 543 547 637
6 510 162 161 159 158 509
5 640 635 634 636 639
6 964 613 614 605 604 963
6 605 237 592 593 579 604
6 831 538 537 172 528 830
6 157 108 107 110 111 155
6 687 302 303 301 300 685
6 963 604 579 584 587 962
6 916 647 649 651 648 915
6 253 250 54 7 6 252
6 411 401 109 111 110 408
6 798 245 246 247 248 797
6 446 437 438 440 439 445
6 923 790 792 793 791 922
6 710 554 553 325 324 707
6 776 773 772 771 774 775
6 309 157 108 307 304 308
5 726 10 35 346 725
6 935 796 492 488 485 934
6 628 597 592 237 236 626
6 972 969 968 967 970 971
6 497 149 145 438 437 496
6 877 276 280 281 277 875
6 338 322 323 324 325 335
6 540 536 537 538 535 539
6 947 139 144 143 138 945
6 825 578 595 596 48 822
6 346 35 209 208 34 345
6 643 57 56 51 53 641
5 466 136 137 135 463
6 895 320 549 811 812 894
6 894 812 813 383 377 893
6 960 209 208 207 764 958
6 943 447 775 776 779 942
6 781 450 124 267 265 780
6 313 310 309 308 311 312
6 978 705 703 704 896 974
6 849 610 168 521 523 848
6 501 462 145 149 148 499
6 954 952 951 950 949 953
6 953 808 807 809 810 949
6 462 145 438 440 126 461
6 532 172 528 527 171 529
6 984 720 339 341 719 983
6 770 425 118 429 431 767
5 330 290 288 67 327
6 952 833 606 483 484 951
6 128 37 11 113 114 127
6 839 834 836 835 837 838
6 285 1 3 2 59 283
6 904 900 717 196 724 902
6 530 499 148 147 171 529
6 673 279 280 281 278 670
6 863 861 858 860 859 862
6 819 550 549 811 814 818
6 851 623 622 621 620 847
6 727 563 564 557 196 724
6 600 588 582 583 580 598
6 851 847 846 849 848 850
6 412 102 100 406 407 410
6 995 269 264 270 271 994
6 823 47 49 50 48 822
5 313 153 19 154 310
6 915 648 469 793 791 912
6 702 319 194 556 555 701
6 250 54 55 56 57 249
6 587 584 583 582 585 586
7 429 118 223 222 33 36 428
6 860 652 654 653 665 858
6 974 896 898 897 899 973
6 591 235 234 585 582 588
6 712 337 333 66 65 711
6 732 379 380 231 263 731
6 591 235 52 0 58 590
6 392 306 305 82 79 388
5 934 485 486 487 930
6 886 699 700 709 708 885
6 792 12 116 115 470 790
6 910 449 123 119 468 909
6 572 568 569 567 570 571
6 383 377 378 379 380 382
6 785 463 135 17 16 784
6 992 969 972 965 966 991
6 768 417 416 420 421 765
6 745 271 270 655 656 743
6 233 229 228 44 45 232
6 208 34 38 36 33 207
6 787 785 784 782 783 786
6 678 298 299 62 292 676
6 880 369 370 365 366 878
6 460 457 456 455 458 459
6 662 655 656 654 653 660
6 889 695 696 698 697 888
6 939 214 218 216 800 937
6 770 767 766 765 768 769
6 576 243 244 242 241 574
6 574 241 46 212 213 573
6 184 177 176 175 174 183
6 789 421 420 418 419 788
6 797 248 479 493 492 796
6 786 453 454 126 461 783
7 389 84 92 88 80 79 388
6 376 374 373 371 372 375
6 917 780 265 268 647 916
6 489 143 138 486 485 488
6 645 630 631 249 57 643
6 92 88 87 90 89 91
6 373 72 71 255 256 371
6 476 130 131 152 151 473
6 413 409 408 411 410 412
6 601 230 262 261 589 599
6 594 580 583 584 579 593
6 187 29 26 27 28 185
6 927 789 421 765 766 926
6 566 559 206 203 201 565
7 397 84 92 91 94 95 396
6 566 559 560 558 557 564
6 923 921 919 918 920 922
6 496 437 446 441 140 494
6 803 210 211 213 212 802
6 393 107 108 307 306 392
6 809 806 804 495 146 807
6 740 415 414 42 240 738
6 515 370 365 356 357 514
6 833 606 607 609 608 832
7 898 322 338 716 715 315 897
6 602 577 233 229 230 601
6 354 350 349 352 351 353
5 870 669 668 667 868
6 646 644 642 641 643 645
6 283 59 277 281 278 282
6 562 202 198 199 197 561
6 491 478 481 482 142 490
6 903 725 726 727 724 902
6 519 166 189 187 29 517
6 681 676 678 677 679 680
6 539 472 526 525 173 535
6 456 439 445 444 122 455
6 658 452 451 15 272 657
6 832 608 173 535 538 831
6 506 165 358 360 359 505
6 244 240 42 43 41 242
6 879 689 316 4 366 878
6 816 813 812 811 814 815
6 802 212 46 217 216 800
6 940 426 424 215 214 939
6 425 118 223 226 215 424
6 32 22 21 24 23 31
6 513 507 510 509 508 512
6 560 68 69 343 340 558
6 787 464 15 451 453 786
6 569 334 336 337 333 568
6 684 90 87 9 296 682
6 310 154 156 155 157 309
6 938 801 799 933 932 936
6 895 320 321 319 702 892
6 818 814 815 740 415 817
6 981 348 275 273 722 980
6 876 314 713 714 688 874
6 991 966 650 651 649 990
6 570 206 203 204 205 567
6 638 545 546 548 547 637
6 756 471 475 753 752 755
6 710 554 555 701 700 709
6 509 158 312 311 63 508
6 989 964 613 621 620 988
6 931 794 433 18 487 930
5 176 163 161 159 175
6 681 295 294 293 292 676
5 989 986 985 987 988
7 851 623 845 844 618 619 850
6 837 634 636 167 520 835
6 626 236 616 617 611 624
6 976 70 355 361 362 975
6 954 830 528 527 808 953
7 313 153 174 175 159 158 312
6 227 225 224 222 223 226
6 716 338 335 336 337 712
6 659 125 459 460 452 658
6 343 69 328 327 67 342
6 664 272 15 464 465 663
6 321 193 191 195 194 319
6 597 592 593 594 595 596
6 941 936 938 937 939 940
6 353 305 82 83 85 351
7 735 58 0 5 74 73 734
6 88 80 81 8 9 87
6 497 149 148 147 146 495
6 805 494 496 497 495 804
6 386 77 78 97 96 385
6 409 391 393 107 110 408
6 331 66 65 3 1 329
6 747 387 386 385 384 744
6 889 695 318 317 691 884
6 548 541 178 179 180 546
6 865 301 303 741 742 864
6 873 742 741 748 746 872
3
500
0.403026 -0.89998 0.166153 
0.621129 -0.39218 0.678524 
0.28242 0.855542 -0.433919 
0.225232 0.787645 -0.5734860000000001 
-0.611084 0.680435 -0.404456 
0.950476 -0.022036 -0.310015 
-0.584822 -0.113802 -0.803139 
-0.782348 0.578659 0.230403 
0.096051 -0.814472 0.572197 
0.382678 -0.614082 0.690262 
-0.405206 0.581707 0.705283 
-0.656596 -0.234904 -0.716731 
0.493684 0.838747 -0.229737 
0.025498 -0.901017 0.433033 
-0.367534 -0.338685 0.866147 
0.099951 0.992753 -0.066714 
0.304224 -0.9028389999999999 0.303858 
0.149332 -0.155516 -0.976481 
0.885386 -0.436234 -0.160596 
0.172183 -0.984854 0.020405 
-0.585222 -0.390601 -0.710595 
0.11229 0.294814 -0.9489340000000001 
0.427421 0.903024 0.043121 
-0.01407 -0.748878 0.662559 
0.67433 0.456741 0.58023 
-0.904255 -0.360767 -0.228408 
0.885137 0.30242 0.353659 
-0.04615 0.925288 0.376448 
0.47128 -0.074557 -0.878827 
0.655538 0.726946 0.204496 
0.188318 -0.113489 0.975529 
-0.95722 -0.196948 -0.211995 
0.565424 -0.203347 -0.799341 
0.594187 -0.584172 -0.552888 
-0.697105 -0.427314 0.5757139999999999 
0.451877 0.639783 -0.621679 
0.50689 0.718726 0.475916 
-0.69534 0.414685 -0.586975 
-0.497314 0.259158 0.827959 
-0.52711 -0.09216100000000001 0.844785 
0.214483 -0.277045 0.936613 
0.038189 -0.823784 -0.565616 
-0.902313 0.43102 -0.007323 
0.479533 -0.199236 0.854607 
-0.393 -0.83055 -0.394636 
-0.221515 0.034034 -0.974563 
-0.611565 0.056958 -0.789142 
0.477555 -0.711103 -0.516018 
0.503652 -0.359343 -0.785626 
-0.715412 -0.6985710000000001 -0.013573 
-0.287718 0.934912 0.207746 
-0.44439 0.484025 -0.753815 
-0.48185 0.007263 -0.876224 
0.908679 0.363256 0.205786 
0.999563 -0.023569 -0.017818 
-0.548332 0.506883 0.665133 
-0.741177 -0.468502 -0.480793 
-0.65038 -0.6092340000000001 -0.453695 
-0.386142 0.166855 0.907223 
-0.127088 -0.011623 0.991823 
-0.182299 0.350361 -0.918702 
0.642445 0.118245 -0.757154 
-0.267338 -0.722394 -0.637713 
-0.016437 -0.198428 -0.979978 
-0.624604 -0.76633 -0.150361 
0.749466 -0.5026659999999999 0.430845 
0.376896 -0.47594 0.7946260000000001 
-0.904125 0.332442 0.268401 
-0.592065 0.3801 -0.710622 
0.781637 0.520652 -0.34346 
0.612059 -0.72878 0.307023 
-0.556646 0.52676 -0.642394 
0.360394 0.056878 -0.931064 
-0.022063 0.997034 0.07373300000000001 
-0.8104 -0.020004 -0.585535 
0.420333 -0.232189 -0.877159 
0.788708 0.393275 0.472518 
-0.437488 0.87971 0.186318 
-0.7456429999999999 0.470013 0.47234 
-0.043092 -0.95727 0.285967 
0.688097 -0.442244 -0.575275 
0.837856 0.52022 0.165438 
0.510452 -0.737471 0.44224 
0.535994 0.8421380000000001 -0.059279 
-0.73783 -0.64896 -0.185628 
0.170307 0.928186 -0.330856 
0.08382199999999999 -0.959541 -0.268803 
-0.875267 0.454343 0.165772 
-0.51817 0.662197 -0.541289 
-0.7111960000000001 0.593245 0.377175 
0.8628710000000001 -0.505417 -0.002749 
0.057648 0.857681 0.510941 
-0.895257 0.193164 -0.401501 
-0.336227 -0.065845 -0.939476 
0.820055 0.379546 -0.428316 
0.567285 0.090459 0.818538 
-0.593126 0.346517 0.726723 
-0.148467 0.548372 0.822949 
-0.6273260000000001 -0.504883 -0.592921 
-0.212844 -0.955418 -0.20463 
-0.353178 0.334451 0.873732 
0.662006 0.620922 -0.419766 
-0.8338410000000001 -0.419071 -0.359289 
-0.613994 0.223207 -0.757093 
0.161406 0.583462 -0.79594 
-0.872188 0.347708 -0.344075 
-0.958581 0.186287 0.215453 
0.525496 0.254516 0.811835 
-0.5624209999999999 -0.706765 0.429145 
0.304378 0.44393 0.842781 
-0.696971 -0.622722 0.355595 
-0.614135 -0.352425 0.706141 
0.346541 -0.831359 -0.434456 
-0.984043 -0.037395 -0.173956 
0.076224 -0.318222 -0.944947 
0.716525 0.487282 -0.499147 
-0.250833 -0.402668 -0.880307 
-0.07184699999999999 -0.32461 0.943115 
-0.262676 -0.633678 0.7276359999999999 
0.8357329999999999 0.237048 0.495337 
0.028775 -0.040943 0.9987470000000001 
-0.762616 -0.485096 0.427901 
0.307673 0.940897 0.141597 
-0.889637 0.087727 0.448162 
0.317733 -0.103734 -0.942489 
-0.825528 0.492635 -0.275344 
0.085953 0.131742 -0.987551 
-0.314529 -0.872425 0.374094 
0.747924 0.332703 -0.574385 
-0.86205 -0.386125 0.328296 
-0.747763 0.66248 -0.044384 
0.49152 -0.870304 0.031273 
-0.941676 0.238507 -0.237405 
0.914144 -0.039404 0.40347 
-0.008992999999999999 0.775713 0.631022 
0.694426 -0.167738 -0.69974 
-0.9350270000000001 -0.271023 0.22863 
-0.47303 0.77665 -0.416001 
-0.517371 -0.286555 -0.806358 
-0.008307999999999999 -0.999959 0.003562 
0.988445 -0.08462799999999999 0.125758 
0.98107 -0.19282 -0.017946 
0.265564 0.342893 -0.9010550000000001 
0.699447 -0.703619 -0.125274 
0.339296 0.89711 -0.282971 
-0.133267 0.966067 0.221258 
-0.045354 -0.477405 0.877512 
-0.867013 -0.1385 -0.47865 
0.526377 0.701939 -0.479801 
-0.176443 -0.544381 0.820071 
-0.345014 -0.712669 0.610792 
0.452828 -0.617846 -0.642817 
0.036279 -0.037324 -0.998644 
-0.5246729999999999 0.085927 0.846956 
-0.342753 0.716243 0.6078789999999999 
0.189886 -0.883783 0.427634 
-0.893911 0.030752 -0.447189 
-0.083896 0.283207 0.955382 
0.53584 0.513228 0.670427 
0.65606 0.277403 -0.701878 
-0.199979 0.397439 0.895573 
0.977409 -0.127208 -0.168792 
-0.164982 -0.656547 -0.736021 
0.061364 -0.986557 0.151456 
0.833782 0.044835 -0.55027 
0.952524 -0.144484 0.267997 
-0.8160770000000001 -0.307574 -0.489303 
-0.062516 0.128336 0.989758 
0.721285 0.540635 0.432968 
0.7440560000000001 -0.383476 0.547107 
0.606351 0.364765 0.706601 
-0.6452020000000001 -0.7553879999999999 0.114468 
-0.9533700000000001 0.079697 -0.291092 
-0.372693 0.750179 -0.546198 
0.954777 0.154881 -0.253796 
-0.82272 0.5652 0.060671 
0.199621 -0.399899 -0.894557 
0.95788 -0.25562 0.130858 
0.815073 -0.492263 -0.305505 
-0.275341 -0.957194 0.08926099999999999 
-0.523336 0.841904 -0.131593 
-0.80989 0.302131 -0.502787 
-0.480278 -0.427956 0.765628 
-0.515218 -0.8408330000000001 0.165984 
-0.806473 -0.334387 0.487635 
-0.629013 0.179188 0.756462 
0.834145 0.551473 -0.008911000000000001 
-0.706466 -0.065986 -0.704664 
0.820551 -0.050285 0.569357 
-0.412924 0.624822 -0.662639 
0.990422 0.096039 0.09919799999999999 
0.201377 0.010391 -0.979459 
0.283274 0.677763 0.678523 
-0.579976 0.798623 0.160715 
0.340377 -0.158799 0.926783 
0.316464 0.636915 -0.702986 
-0.07943500000000001 0.672884 0.73547 
0.734253 -0.002635 -0.678871 
-0.370741 -0.903699 0.214195 
0.876932 0.402717 -0.262316 
0.137948 0.464541 0.874741 
0.268446 0.167841 0.94856 
0.586562 0.741053 -0.32678 
-0.898631 -0.252484 -0.358767 
0.453133 0.520078 -0.724009 
0.585364 0.572932 -0.573671 
0.297329 0.89819 0.323806 
-0.736738 0.09053600000000001 0.67009 
0.349007 0.758271 0.5506529999999999 
-0.944769 0.311687 0.101302 
-0.570106 -0.821542 -0.006931 
0.243416 -0.578464 0.778542 
-0.20829 0.907524 0.364713 
-0.359333 0.110187 -0.926682 
0.59768 0.597066 0.535062 
0.615181 -0.743869 -0.261175 
-0.023381 -0.599725 -0.799864 
-0.364094 -0.293207 -0.884005 
-0.6791 0.41707 0.60405 
-0.427669 -0.902976 0.041624 
-0.040926 0.447023 0.893586 
-0.725612 0.101719 -0.680544 
0.250753 -0.799949 0.545165 
-0.579151 0.692808 0.429651 
0.733135 0.300024 0.610327 
-0.1712 -0.984575 -0.036098 
-0.511338 -0.267234 0.816774 
0.509862 -0.509288 0.6933009999999999 
-0.821716 0.145048 -0.551129 
0.46958 -0.829639 0.301983 
0.103457 -0.987607 -0.118023 
-0.238766 -0.249592 0.938454 
0.754051 0.649483 0.097871 
-0.8244629999999999 -0.002915 0.565909 
0.797806 -0.397528 -0.453296 
-0.403117 -0.74168 -0.536104 
-0.303213 -0.551679 -0.776989 
0.174824 0.701697 -0.690694 
-0.148961 -0.902168 0.40485 
-0.227148 0.968724 -0.09989000000000001 
0.141516 0.448662 -0.882426 
0.716714 -0.5422940000000001 -0.43845 
0.211791 0.579323 0.787102 
-0.117936 0.963517 -0.240263 
0.348117 -0.895112 -0.27855 
-0.956014 -0.109434 0.272142 
0.8362849999999999 -0.351906 0.420463 
-0.72481 0.583054 -0.367013 
-0.232564 0.235101 0.943738 
-0.248239 -0.817571 0.519572 
0.430767 0.87353 0.226683 
-0.138646 0.6344919999999999 -0.760393 
0.425308 0.13325 0.895186 
0.98608 0.033852 -0.162789 
0.326747 -0.944898 0.020111 
-0.07120600000000001 0.082986 -0.994004 
-0.756398 -0.564705 -0.330107 
-0.625515 0.780172 0.007913999999999999 
-0.826512 -0.172113 0.535962 
0.406091 -0.907269 -0.109328 
-0.3269 -0.941492 -0.08203100000000001 
-0.833758 0.539911 -0.115515 
0.224115 0.958195 -0.177861 
0.389802 0.912566 -0.123605 
0.390931 0.218837 -0.894026 
-0.433797 0.76941 0.468859 
0.907396 0.416479 0.056368 
-0.180963 0.758259 0.626335 
-0.51701 -0.809912 -0.277025 
0.929303 -0.187867 -0.317965 
-0.715519 0.688163 0.120265 
0.766516 -0.642075 0.013878 
-0.326278 0.852839 -0.407687 
-0.120028 -0.782915 -0.610441 
0.562916 -0.8093320000000001 0.167652 
0.803617 -0.576857 -0.146407 
0.75765 -0.288104 -0.58563 
0.462297 0.411585 0.785417 
0.908847 -0.312124 0.276722 
0.448924 0.6451210000000001 0.618293 
0.7229179999999999 -0.110055 0.6821120000000001 
0.056679 -0.9043099999999999 -0.423098 
-0.776844 0.448486 -0.442012 
-0.332942 -0.490544 0.805305 
0.487647 -0.841957 -0.230885 
-0.499741 -0.651841 0.5704050000000001 
0.221692 0.317169 0.922094 
0.142006 0.986147 0.08572399999999999 
0.180044 0.954861 0.236273 
0.891946 -0.195921 0.407488 
0.715822 -0.263214 0.646774 
0.004722 -0.720183 -0.6937680000000001 
-0.36584 -0.897499 -0.246285 
-0.469686 -0.8196329999999999 0.32802 
0.654512 0.755781 0.020244 
-0.252485 0.08167000000000001 0.964148 
-0.733845 -0.652573 0.188735 
-0.736493 0.638481 -0.223429 
0.74715 0.60572 0.273625 
0.088839 0.183551 0.978988 
-0.730162 -0.265977 0.6293800000000001 
-0.476105 -0.870129 -0.127276 
-0.526558 -0.63265 -0.567882 
-0.820807 -0.563358 0.094359 
-0.388849 -0.632151 -0.67021 
0.09024600000000001 -0.505922 -0.857845 
0.257638 -0.529088 -0.80851 
-0.31829 0.425317 -0.847229 
-0.999965 -0.002039 -0.008075000000000001 
-0.456706 0.427074 0.780402 
0.139341 -0.637594 -0.757666 
0.237853 0.848917 0.471981 
-0.056918 -0.985217 -0.161579 
-0.984762 0.122561 -0.123379 
0.611677 -0.042692 -0.789955 
-0.002688 0.929913 -0.367769 
0.539295 0.7840240000000001 0.307355 
0.239165 -0.70603 0.666574 
0.438373 0.809571 -0.390416 
-0.983639 -0.139812 0.113606 
0.865576 0.079084 0.494494 
0.531182 0.240084 -0.81253 
0.35605 -0.38511 -0.851422 
0.029621 0.57679 0.8163550000000001 
-0.059291 0.858501 -0.509373 
-0.395569 -0.176878 0.901243 
0.103008 -0.672739 0.732675 
-0.473848 0.334113 -0.814762 
0.302041 0.50132 -0.810833 
0.558315 -0.478767 -0.677545 
0.923025 0.141862 0.357631 
-0.102097 -0.875798 -0.471756 
-0.652402 0.743544 -0.146674 
0.735459 -0.606565 0.301958 
0.700745 -0.69362 0.166878 
0.967372 0.027556 0.251855 
0.37296 0.7514690000000001 -0.544239 
0.02341 0.97258 0.231387 
-0.951735 -0.298897 0.06972399999999999 
-0.08046300000000001 -0.837202 0.540943 
-0.448386 -0.157739 -0.879812 
-0.219913 0.816639 -0.53361 
-0.020455 0.403534 -0.914736 
0.000393 0.547496 -0.836808 
-0.169788 0.905116 -0.389791 
-0.293631 0.5697179999999999 -0.767595 
0.378739 0.293052 0.877883 
0.9023640000000001 0.419463 -0.098944 
0.157616 0.047082 0.9863769999999999 
-0.046533 0.247188 -0.96785 
0.826595 0.460895 0.322981 
-0.4118 -0.428539 -0.804223 
-0.098551 -0.168163 0.9808210000000001 
0.65883 0.203583 0.724221 
-0.261922 0.702291 -0.661955 
-0.400832 -0.002337 0.916148 
-0.65556 0.703739 0.273845 
0.8358409999999999 -0.465947 0.29028 
-0.13215 -0.305364 -0.943021 
0.695196 0.039139 0.717754 
0.329271 -0.748069 -0.576171 
-0.250441 -0.201513 -0.946927 
-0.904007 0.390488 -0.174042 
-0.112668 0.853363 0.508996 
0.639165 -0.327487 -0.69586 
-0.9449959999999999 -0.315052 -0.08789 
0.406529 0.819527 0.403868 
0.524371 -0.627671 0.575381 
-0.079169 -0.9438299999999999 -0.320808 
0.171532 -0.748916 -0.640079 
0.9616209999999999 0.270636 0.045191 
-0.5149589999999999 0.796645 0.316502 
-0.173195 -0.7380100000000001 0.652184 
0.196569 -0.841753 -0.5028049999999999 
0.08488999999999999 -0.381847 0.920319 
0.571746 -0.814273 -0.100327 
0.211272 -0.913261 -0.348308 
-0.949766 0.05624 0.307866 
0.538487 0.39018 -0.746854 
0.366304 -0.824512 0.431279 
0.636076 0.67271 0.377978 
0.271026 0.962359 -0.020227 
0.360395 -0.323803 0.874796 
0.6453950000000001 -0.763209 0.031247 
-0.578595 0.76578 -0.280728 
0.102884 0.686602 0.7197170000000001 
0.714494 0.650162 -0.258432 
-0.277219 0.824124 0.493933 
0.724848 -0.626244 -0.287079 
0.955549 0.208064 0.208892 
-0.432881 0.8593420000000001 -0.272298 
-0.641698 -0.002991 0.766952 
-0.568011 -0.510019 0.645944 
-0.06597799999999999 0.994211 -0.084798 
-0.365762 0.864194 0.345523 
0.126671 -0.946971 0.295297 
0.906797 0.09962500000000001 -0.409627 
0.819909 0.543436 -0.180071 
0.883867 -0.345168 -0.315654 
0.855376 -0.2416 -0.458215 
-0.842983 -0.501228 -0.195318 
0.630709 0.758973 -0.161757 
0.508038 0.08415499999999999 -0.857213 
-0.280288 0.924851 -0.257079 
-0.894252 0.231391 0.383109 
-0.213613 -0.943051 0.254998 
0.120054 0.917811 0.378431 
0.406258 0.376958 -0.832381 
-0.237898 -0.901589 -0.361306 
-0.811219 0.328939 0.483449 
-0.112477 -0.984911 0.131526 
-0.652946 0.555323 -0.515052 
-0.958333 0.27788 -0.066189 
0.489657 -0.785898 -0.377625 
0.301207 -0.646255 -0.701163 
-0.772579 -0.189664 -0.605928 
0.7428630000000001 0.663953 -0.08556 
0.606596 -0.233994 0.759795 
-0.826649 0.449572 0.338432 
0.597656 -0.075186 0.798219 
0.5501239999999999 0.8256520000000001 0.125148 
0.11278 0.871875 -0.476566 
0.803531 -0.125531 -0.581877 
-0.987846 0.022661 0.153774 
0.017926 0.677283 -0.735505 
0.934957 -0.354523 -0.013029 
-0.640879 -0.575276 0.508264 
-0.20648 0.195497 -0.958721 
-0.059576 -0.634683 0.770473 
0.613677 -0.6725719999999999 -0.413577 
-0.892836 -0.232411 0.385785 
0.06501700000000001 0.3335 0.940505 
-0.257855 -0.82368 -0.505037 
-0.266441 -0.09048299999999999 0.959595 
0.816132 -0.209147 0.5386879999999999 
0.2416 0.178918 -0.953739 
0.775363 0.12851 0.618302 
-0.71178 -0.353818 -0.606779 
-0.739517 -0.09470099999999999 0.666443 
-0.49173 0.175215 -0.8529369999999999 
0.050806 0.974377 -0.219108 
-0.338009 0.939995 0.04646 
-0.344036 0.272477 -0.898552 
-0.610035 -0.742638 0.276308 
0.943681 -0.285178 -0.167749 
-0.422156 -0.579701 0.696945 
0.812402 -0.5624980000000001 0.153617 
0.889622 -0.076615 -0.450226 
0.899916 0.265865 -0.34564 
0.947576 0.281364 -0.151441 
-0.938496 -0.084256 -0.334852 
-0.807517 -0.526383 0.266153 
0.463204 -0.033363 0.885623 
-0.380273 0.91773 -0.114736 
0.229932 -0.437508 0.86932 
-0.719709 0.267573 0.640643 
-0.985883 -0.160246 -0.048531 
0.755174 0.16346 -0.634817 
0.638393 -0.629688 0.44266 
0.898344 -0.416465 0.139768 
0.379986 0.553629 0.741017 
-0.209764 -0.401653 0.891445 
0.172875 0.777735 0.604353 
0.498189 -0.360579 0.788537 
-0.530991 -0.731667 -0.427449 
-0.7214699999999999 0.263163 -0.640489 
0.393408 -0.722942 0.567967 
-0.891244 -0.425524 0.156885 
-0.041564 -0.427263 -0.903172 
0.632928 0.440212 -0.63688 
-0.811815 -0.580779 -0.060434 
-0.634861 -0.184067 0.75038 
-0.156571 -0.520131 -0.8396130000000001 
-0.133028 -0.095273 -0.986522 
-0.491373 -0.518827 -0.69955 
0.261728 -0.257987 -0.930022 
-0.413233 -0.775793 0.476848 
-0.159603 0.497883 -0.852431 
-0.893987 -0.447638 -0.020186 
0.986222 0.154916 -0.058031 
0.090936 -0.542885 0.834869 
-0.182622 0.981315 0.060586 
0.316696 0.006307 0.948506 
-0.486631 0.873207 0.026457 
0.642223 -0.514938 0.567793 
0.412814 -0.508518 -0.755641 
0.8386439999999999 0.217764 -0.499255 
-0.9023949999999999 -0.07348300000000001 0.424599 
0.252017 -0.954775 -0.157772 
-0.814987 0.180253 0.550732 
-0.105819 0.757503 -0.644198 
0.054461 0.790129 -0.610517 
-0.626849 0.570017 0.531169 
-0.986463 0.156737 0.048201 
0.059419 -0.216077 0.974567 
-0.491789 0.651637 0.577506 
0.236937 -0.957008 0.167323 
-0.6440129999999999 -0.699438 -0.309895 
-0.30836 0.495477 0.812045 
-0.249818 0.639435 0.727127 
996
3 376 488 86
3 352 494 120
3 117 352 231
3 117 352 494
3 445 285 150
3 230 488 86
3 230 312 139
3 230 312 86
3 233 489 207
3 455 489 207
3 133 320 188
3 76 350 26
3 36 380 214
3 36 279 214
3 36 279 208
3 483 441 453
3 384 4 137
3 384 4 297
3 204 469 205
3 365 31 25
3 6 11 187
3 450 172 156
3 450 147 156
3 450 113 31
3 450 113 172
3 74 147 156
3 415 11 187
3 415 74 187
3 415 74 147
3 415 11 437
3 203 31 25
3 203 450 31
3 203 450 147
3 190 389 370
3 330 389 26
3 330 133 320
3 53 389 370
3 53 350 26
3 53 389 26
3 161 141 54
3 253 161 54
3 444 161 269
3 444 141 425
3 444 161 141
3 275 388 143
3 275 178 388
3 399 269 447
3 364 276 135
3 364 48 329
3 32 364 135
3 32 364 48
3 281 331 41
3 281 376 86
3 273 331 41
3 368 312 86
3 368 281 86
3 368 281 331
3 368 331 408
3 244 376 488
3 433 352 231
3 167 248 295
3 167 248 157
3 391 153 39
3 136 129 467
3 13 8 155
3 374 117 494
3 374 40 494
3 201 348 482
3 452 194 43
3 452 194 482
3 476 285 150
3 163 410 139
3 163 410 79
3 19 254 488
3 19 230 488
3 19 230 139
3 19 163 139
3 492 218 55
3 492 78 218
3 123 404 377
3 123 404 489
3 123 233 489
3 123 487 377
3 123 233 487
3 67 404 418
3 258 233 487
3 258 184 300
3 409 455 489
3 409 404 489
3 409 78 218
3 409 455 218
3 409 78 418
3 409 404 418
3 92 172 156
3 89 78 418
3 89 7 418
3 89 492 223
3 89 492 78
3 270 7 175
3 125 261 297
3 125 261 362
3 42 261 175
3 42 261 362
3 130 261 175
3 130 270 257
3 130 270 175
3 130 261 297
3 423 493 308
3 423 319 308
3 313 113 172
3 313 493 308
3 313 113 308
3 289 133 188
3 168 76 350
3 168 298 350
3 168 298 380
3 168 380 214
3 12 83 263
3 347 449 370
3 262 381 263
3 148 101 205
3 148 101 202
3 15 262 440
3 15 262 381
3 145 337 73
3 145 481 73
3 403 243 344
3 81 298 350
3 81 53 350
3 68 71 51
3 247 282 411
3 247 4 411
3 247 4 297
3 247 125 297
3 247 125 282
3 332 384 297
3 332 130 257
3 332 130 297
3 328 204 407
3 328 240 104
3 3 421 2
3 142 240 21
3 142 435 21
3 142 328 407
3 142 328 240
3 341 344 324
3 490 424 251
3 490 354 251
3 490 341 354
3 490 341 324
3 88 4 137
3 88 71 411
3 88 4 411
3 478 365 25
3 456 365 31
3 456 113 308
3 456 113 31
3 456 319 308
3 303 478 467
3 303 478 470
3 49 64 210
3 49 303 470
3 49 303 296
3 49 470 84
3 49 64 84
3 110 296 443
3 98 56 437
3 98 474 302
3 138 6 340
3 138 6 11
3 46 6 187
3 345 354 251
3 345 307 51
3 442 439 213
3 400 478 25
3 400 478 470
3 400 470 84
3 400 256 84
3 497 256 84
3 497 64 84
3 497 64 268
3 102 203 25
3 102 256 56
3 102 400 25
3 102 400 256
3 166 415 147
3 166 203 147
3 166 415 437
3 166 102 203
3 166 56 437
3 166 102 56
3 484 169 1
3 65 169 246
3 65 484 169
3 227 484 367
3 227 484 1
3 359 353 95
3 434 289 188
3 434 169 246
3 434 289 246
3 290 169 1
3 290 417 1
3 290 434 169
3 463 417 1
3 463 227 1
3 463 227 66
3 463 417 43
3 335 190 389
3 335 330 389
3 335 330 133
3 422 197 135
3 422 276 135
3 422 399 447
3 422 399 276
3 174 396 448
3 174 449 448
3 5 396 447
3 5 269 447
3 5 174 396
3 5 174 253
3 5 161 269
3 5 253 161
3 479 190 370
3 479 449 370
3 479 190 54
3 479 253 54
3 479 174 449
3 479 174 253
3 215 388 143
3 215 429 388
3 215 429 413
3 215 375 143
3 241 178 388
3 241 429 388
3 373 281 41
3 373 281 376
3 176 322 475
3 176 322 306
3 45 93 213
3 18 275 178
3 18 444 425
3 398 399 269
3 398 444 269
3 398 18 178
3 398 18 444
3 314 197 135
3 314 32 135
3 314 28 32
3 314 28 402
3 99 368 408
3 99 368 312
3 225 260 179
3 225 312 139
3 225 99 312
3 225 99 260
3 225 410 139
3 225 410 179
3 219 183 210
3 219 260 179
3 219 198 179
3 219 198 183
3 284 244 413
3 284 215 413
3 284 215 375
3 27 363 212
3 27 337 406
3 27 145 212
3 27 145 337
3 91 27 406
3 91 27 363
3 387 363 212
3 387 363 267
3 77 483 441
3 192 242 460
3 192 279 208
3 192 279 460
3 325 226 39
3 325 433 231
3 355 433 295
3 355 153 39
3 355 325 39
3 355 325 433
3 59 433 295
3 59 433 352
3 59 167 295
3 59 352 120
3 59 167 120
3 299 201 286
3 299 201 348
3 299 167 157
3 299 348 120
3 299 167 120
3 471 391 39
3 471 226 39
3 471 111 226
3 471 111 300
3 185 455 207
3 185 38 153
3 185 391 207
3 185 391 153
3 309 38 100
3 309 100 498
3 309 10 55
3 309 10 498
3 245 136 319
3 245 487 377
3 245 423 377
3 245 423 319
3 338 136 319
3 338 456 319
3 338 456 365
3 338 136 467
3 338 478 467
3 338 478 365
3 461 117 231
3 118 149 428
3 118 445 150
3 496 19 254
3 496 19 163
3 458 484 367
3 458 65 333
3 458 65 484
3 23 326 428
3 23 326 8
3 317 326 8
3 317 326 211
3 238 13 79
3 30 348 482
3 30 194 482
3 30 494 120
3 30 348 120
3 30 40 494
3 30 194 40
3 454 374 40
3 454 66 211
3 480 326 211
3 480 454 211
3 480 454 374
3 480 326 428
3 346 201 286
3 252 452 95
3 252 346 201
3 252 201 482
3 252 452 482
3 119 76 26
3 119 330 26
3 119 330 320
3 158 279 214
3 158 279 460
3 430 184 129
3 430 136 129
3 430 258 487
3 430 258 184
3 430 245 487
3 430 245 136
3 108 476 285
3 108 285 426
3 108 110 426
3 108 110 443
3 293 183 443
3 293 108 443
3 293 108 476
3 293 476 127
3 293 198 127
3 293 198 183
3 392 285 426
3 392 445 285
3 34 184 300
3 34 111 300
3 34 392 111
3 34 392 426
3 405 410 179
3 405 198 179
3 405 410 79
3 405 238 79
3 405 198 127
3 405 238 127
3 383 334 274
3 383 131 274
3 383 131 375
3 383 375 143
3 271 275 143
3 271 383 143
3 271 383 334
3 495 265 223
3 495 492 223
3 495 492 55
3 495 10 55
3 106 404 377
3 106 67 404
3 106 67 209
3 106 493 209
3 106 423 377
3 106 423 493
3 87 7 175
3 87 67 209
3 87 7 418
3 87 67 418
3 87 42 175
3 87 42 209
3 132 92 172
3 132 313 172
3 228 74 156
3 228 92 156
3 105 125 282
3 105 132 92
3 105 125 362
3 105 132 362
3 412 313 493
3 412 493 209
3 412 132 362
3 412 132 313
3 412 42 362
3 412 42 209
3 177 141 425
3 177 459 425
3 386 101 202
3 386 101 69
3 401 12 202
3 401 12 83
3 401 386 202
3 401 386 416
3 144 12 263
3 144 262 263
3 199 449 448
3 199 347 449
3 199 94 448
3 199 94 69
3 266 53 370
3 266 347 370
3 266 81 53
3 266 347 186
3 266 81 186
3 115 469 205
3 115 101 205
3 115 101 69
3 115 94 69
3 315 421 324
3 315 344 324
3 315 243 440
3 315 243 344
3 85 421 2
3 85 144 2
3 85 144 262
3 85 262 440
3 85 315 440
3 85 315 421
3 336 3 2
3 287 15 73
3 287 15 381
3 287 337 73
3 239 441 453
3 239 481 441
3 239 403 453
3 239 403 243
3 393 15 440
3 393 243 440
3 393 239 243
3 393 15 73
3 393 481 73
3 393 239 481
3 272 403 344
3 272 341 344
3 180 332 384
3 180 483 453
3 180 483 257
3 180 332 257
3 22 83 263
3 22 381 263
3 366 36 208
3 29 298 380
3 103 68 465
3 103 46 439
3 37 71 411
3 37 68 71
3 37 68 465
3 37 282 411
3 72 124 191
3 72 435 191
3 72 28 402
3 72 28 124
3 126 435 191
3 126 435 21
3 126 349 255
3 126 349 21
3 378 321 407
3 378 204 407
3 378 204 469
3 264 321 407
3 264 142 407
3 264 142 435
3 264 72 435
3 264 321 402
3 264 72 402
3 491 3 421
3 491 490 424
3 491 421 324
3 491 490 324
3 173 88 137
3 173 341 354
3 173 272 137
3 173 272 341
3 171 49 210
3 171 49 296
3 171 183 210
3 171 183 443
3 171 296 443
3 451 110 296
3 451 129 467
3 451 303 467
3 451 303 296
3 121 184 129
3 121 451 129
3 121 451 110
3 121 110 426
3 121 34 426
3 121 34 184
3 20 11 437
3 20 138 11
3 20 98 437
3 20 98 474
3 52 6 340
3 52 46 6
3 52 93 340
3 52 93 213
3 52 439 213
3 52 46 439
3 477 345 251
3 477 345 307
3 189 345 354
3 189 173 354
3 189 173 88
3 189 345 51
3 189 71 51
3 189 88 71
3 327 442 439
3 327 68 51
3 327 307 51
3 327 442 307
3 327 103 439
3 327 103 68
3 57 497 256
3 57 256 56
3 57 98 302
3 57 98 56
3 464 44 268
3 464 497 268
3 464 57 302
3 464 57 497
3 357 65 333
3 357 65 246
3 9 66 211
3 9 227 66
3 9 317 211
3 9 317 466
3 9 466 367
3 9 227 367
3 419 359 95
3 419 452 95
3 419 417 43
3 419 452 43
3 280 434 188
3 280 290 434
3 280 359 188
3 280 419 359
3 280 290 417
3 280 419 417
3 382 463 66
3 382 454 40
3 382 454 66
3 382 463 43
3 382 194 43
3 382 194 40
3 234 399 276
3 234 398 399
3 234 241 178
3 234 398 178
3 33 241 429
3 33 151 329
3 414 310 306
3 414 151 360
3 291 273 41
3 369 373 360
3 369 414 360
3 369 414 310
3 369 373 41
3 369 291 41
3 369 291 310
3 112 373 360
3 112 244 413
3 112 244 376
3 112 373 376
3 485 322 306
3 485 414 306
3 485 414 151
3 485 151 329
3 485 48 329
3 485 322 48
3 47 151 360
3 47 112 413
3 47 112 360
3 47 429 413
3 47 33 429
3 47 33 151
3 305 310 306
3 305 176 306
3 427 349 255
3 427 45 255
3 427 442 213
3 427 45 213
3 217 138 340
3 17 124 475
3 17 124 191
3 114 305 468
3 114 305 176
3 114 17 63
3 114 176 475
3 114 17 475
3 473 45 255
3 473 45 93
3 358 116 468
3 358 114 468
3 358 114 63
3 358 473 63
3 75 124 475
3 75 28 124
3 75 322 475
3 75 28 32
3 75 322 48
3 75 32 48
3 292 44 408
3 292 99 408
3 292 99 260
3 292 44 268
3 304 474 236
3 304 62 236
3 304 474 302
3 235 464 302
3 235 464 44
3 235 304 302
3 235 304 62
3 432 273 331
3 432 62 273
3 432 331 408
3 432 235 62
3 432 44 408
3 432 235 44
3 311 91 406
3 311 366 208
3 462 311 91
3 462 192 208
3 462 311 208
3 371 265 223
3 394 371 77
3 394 371 265
3 394 387 212
3 394 387 265
3 50 77 441
3 50 481 441
3 50 145 481
3 50 394 77
3 50 145 212
3 50 394 212
3 193 483 257
3 193 77 483
3 193 371 77
3 193 270 257
3 431 200 286
3 431 299 286
3 431 299 157
3 58 355 295
3 58 248 295
3 58 38 153
3 58 355 153
3 58 248 100
3 58 38 100
3 438 471 391
3 438 233 207
3 438 391 207
3 438 258 233
3 438 258 300
3 438 471 300
3 96 185 455
3 96 185 38
3 96 455 218
3 96 309 38
3 96 218 55
3 96 309 55
3 283 461 149
3 283 118 445
3 283 118 149
3 0 496 254
3 0 131 254
3 0 229 274
3 0 131 274
3 395 496 163
3 395 163 79
3 395 13 155
3 395 13 79
3 82 379 229
3 82 379 466
3 82 466 367
3 82 458 367
3 339 13 8
3 339 23 8
3 339 238 13
3 222 8 155
3 222 317 8
3 222 379 155
3 222 379 466
3 222 317 466
3 146 374 117
3 146 480 374
3 146 461 117
3 146 461 149
3 146 149 428
3 146 480 428
3 107 353 95
3 107 252 95
3 107 252 346
3 109 346 286
3 109 200 286
3 109 242 460
3 109 200 242
3 436 359 353
3 436 119 320
3 436 320 188
3 436 359 188
3 24 158 214
3 24 168 214
3 24 168 76
3 259 284 375
3 259 131 375
3 259 131 254
3 259 254 488
3 259 244 488
3 259 284 244
3 90 271 275
3 90 18 425
3 90 18 275
3 90 459 425
3 499 10 498
3 499 97 498
3 154 387 265
3 154 495 265
3 154 387 267
3 154 499 267
3 154 495 10
3 154 499 10
3 181 228 92
3 181 105 282
3 181 105 92
3 181 228 465
3 181 37 465
3 181 37 282
3 221 228 465
3 221 103 465
3 221 103 46
3 221 46 187
3 221 74 187
3 221 228 74
3 140 141 54
3 140 177 141
3 140 190 54
3 140 335 190
3 397 386 416
3 397 416 186
3 397 347 186
3 397 386 69
3 397 199 69
3 397 199 347
3 318 144 12
3 318 12 202
3 318 148 202
3 318 144 2
3 318 336 2
3 318 336 148
3 35 204 205
3 35 148 205
3 35 336 148
3 288 337 406
3 288 287 337
3 390 272 137
3 390 272 403
3 390 384 137
3 390 180 384
3 390 403 453
3 390 180 453
3 294 401 83
3 294 401 416
3 316 29 380
3 316 366 250
3 316 36 380
3 316 366 36
3 128 115 469
3 128 115 94
3 61 321 402
3 61 314 402
3 61 314 197
3 61 457 197
3 164 396 447
3 164 457 197
3 164 422 447
3 164 422 197
3 237 491 424
3 237 491 3
3 237 424 104
3 343 424 251
3 343 477 251
3 343 424 104
3 343 240 104
3 446 357 333
3 446 334 333
3 446 271 334
3 446 357 459
3 446 90 459
3 446 90 271
3 278 177 459
3 278 357 459
3 278 357 246
3 278 289 246
3 80 234 276
3 80 364 329
3 80 364 276
3 80 234 241
3 80 33 329
3 80 33 241
3 162 62 273
3 162 291 273
3 162 62 236
3 60 477 307
3 60 442 307
3 60 427 442
3 60 427 349
3 351 217 138
3 351 20 474
3 351 20 138
3 351 474 236
3 351 116 236
3 351 217 116
3 152 17 191
3 152 126 255
3 152 126 191
3 152 17 63
3 152 473 255
3 152 473 63
3 361 217 116
3 361 358 116
3 361 93 340
3 361 217 340
3 361 473 93
3 361 358 473
3 301 292 260
3 301 219 210
3 301 219 260
3 301 292 268
3 301 64 210
3 301 64 268
3 356 193 371
3 356 89 223
3 356 371 223
3 356 193 270
3 356 89 7
3 356 270 7
3 160 97 498
3 160 100 498
3 160 248 100
3 160 248 157
3 220 431 200
3 220 160 97
3 220 431 157
3 220 160 157
3 196 499 267
3 196 499 97
3 14 283 461
3 14 325 231
3 14 461 231
3 14 325 226
3 182 392 445
3 182 283 445
3 182 392 111
3 182 111 226
3 182 14 226
3 182 14 283
3 16 0 496
3 16 379 155
3 16 379 229
3 16 0 229
3 16 395 155
3 16 395 496
3 70 229 274
3 70 82 229
3 70 82 458
3 70 334 274
3 70 334 333
3 70 458 333
3 372 339 23
3 372 118 428
3 372 23 428
3 372 118 150
3 170 107 353
3 170 24 158
3 224 436 353
3 224 436 119
3 224 170 353
3 224 170 24
3 224 119 76
3 224 24 76
3 122 22 250
3 122 22 381
3 122 287 381
3 122 288 287
3 206 366 250
3 206 122 250
3 206 122 288
3 206 311 366
3 206 311 406
3 206 288 406
3 420 22 83
3 420 294 83
3 420 22 250
3 420 294 29
3 420 316 250
3 420 316 29
3 232 294 29
3 232 81 186
3 232 416 186
3 232 294 416
3 232 81 298
3 232 29 298
3 159 378 469
3 159 128 469
3 159 128 457
3 159 61 457
3 159 378 321
3 159 61 321
3 486 128 457
3 486 164 396
3 486 164 457
3 486 396 448
3 486 94 448
3 486 128 94
3 195 35 336
3 195 336 3
3 195 237 3
3 195 328 204
3 195 35 204
3 195 328 104
3 195 237 104
3 342 343 240
3 342 240 21
3 342 349 21
3 342 60 349
3 342 343 477
3 342 60 477
3 165 140 177
3 165 278 177
3 165 278 289
3 165 140 335
3 165 289 133
3 165 335 133
3 216 162 291
3 216 291 310
3 216 305 310
3 216 305 468
3 385 192 242
3 385 462 192
3 323 220 97
3 323 196 97
3 323 385 196
3 323 220 200
3 323 200 242
3 323 385 242
3 249 372 150
3 249 372 339
3 249 476 127
3 249 476 150
3 249 238 127
3 249 339 238
3 277 170 107
3 277 109 460
3 277 158 460
3 277 170 158
3 277 107 346
3 277 109 346
3 472 162 236
3 472 216 162
3 472 116 236
3 472 116 468
3 472 216 468
3 134 462 91
3 134 385 462
3 134 385 196
3 134 196 267
3 134 363 267
3 134 91 363
